corner1:
  x: 0.8551104748578751
  y: 0.6147371943608643
  z: 0.0
  qx: 0.0
  qy: 0.0
  qz: -0.19307927069136072
  qw: 0.981183160897746

corner2:
  x: -0.6642844382016923
  y: -0.6038427687230186
  z: 0.0
  qx: 0.0
  qy: 0.0
  qz: 0.705070597372059
  qw: 0.7091371184202727

pedestrian:
  x: -0.3121772168494928
  y: 0.613684989249633
  z: 0.0
  qx: 0.0
  qy: 0.0
  qz: -0.02546859342466928
  qw: 0.9996756227641889
